{
 "cells": [
  {
   "cell_type": "code",
   "execution_count": 712,
   "metadata": {},
   "outputs": [],
   "source": [
    "import pandas as pd\n",
    "import numpy as np\n",
    "import patsy\n",
    "import scipy.stats as stats\n",
    "\n",
    "import statsmodels.api as sm\n",
    "import statsmodels.formula.api as smf\n",
    "from sklearn import preprocessing\n",
    "from sklearn.linear_model import LinearRegression\n",
    "\n",
    "\n",
    "import matplotlib.pyplot as plt\n",
    "import seaborn as sns\n",
    "%config InlineBackend.figure_formats = ['svg']\n",
    "%matplotlib inline\n",
    "\n",
    "plt.rcParams['figure.figsize'] = (9, 6)\n",
    "\n",
    "\n",
    "pd.set_option('display.max_rows', 500)\n",
    "pd.set_option('display.max_columns', 500)\n",
    "pd.set_option('display.width', 1000)\n",
    "\n",
    "sns.set(context='notebook', style='whitegrid', font_scale=1.2)"
   ]
  },
  {
   "cell_type": "code",
   "execution_count": 713,
   "metadata": {},
   "outputs": [],
   "source": [
    "# get info:\n",
    "df=pd.read_csv('df_all_stat.csv')"
   ]
  },
  {
   "cell_type": "markdown",
   "metadata": {},
   "source": [
    "# Data Cleaning:"
   ]
  },
  {
   "cell_type": "code",
   "execution_count": 5,
   "metadata": {},
   "outputs": [],
   "source": [
    "df1=df.copy()"
   ]
  },
  {
   "cell_type": "code",
   "execution_count": 10,
   "metadata": {},
   "outputs": [],
   "source": [
    "dfA=df.copy()"
   ]
  },
  {
   "cell_type": "code",
   "execution_count": 7,
   "metadata": {},
   "outputs": [],
   "source": [
    "df1.drop('Unnamed: 0', axis=1, inplace=True)"
   ]
  },
  {
   "cell_type": "code",
   "execution_count": 13,
   "metadata": {},
   "outputs": [],
   "source": [
    "df1['Bathroom']=df1['Baths']+df1['Half_Bath_(F)']"
   ]
  },
  {
   "cell_type": "code",
   "execution_count": 12,
   "metadata": {},
   "outputs": [
    {
     "data": {
      "text/plain": [
       "URL                         https://www.elliman.com/newyorkcity/sales/deta...\n",
       "Property_Type               Single Family HomeSingle Family HomeSingle Fam...\n",
       "MLS/Listing_ID              3252464319120432267763220866322581132372443239...\n",
       "Full_Street_Address         147-12 3rd Avenue138-34 10th Avenue2-43 150th ...\n",
       "Neighborhood                WhitestoneWhitestoneWhitestoneWhitestoneWhites...\n",
       "ZipCode                                                           1.46373e+07\n",
       "Price                                                             1.21721e+09\n",
       "Description                 Click for NYS Housing Discrimination Disclosur...\n",
       "Dishwasher                                                                  0\n",
       "beds                                                                     5382\n",
       "Baths                                                                    3069\n",
       "Interior                    3,000 \\n\\t\\t\\t\\tSq Ft.2,800 \\n\\t\\t\\t\\tSq Ft.3,...\n",
       "Year_Built                                                        2.49305e+06\n",
       "Patio                                                                     348\n",
       "Pool                                                                       37\n",
       "Air_Conditioning                                                          560\n",
       "Garage_-_Attached                                                         253\n",
       "Water_View                                                                  9\n",
       "New_Construction                                                           63\n",
       "Stucco                                                                     66\n",
       "Brick                                                                     537\n",
       "Pre-War                                                                     0\n",
       "Courtyard                                                                   0\n",
       "Wood_Heating                                                                3\n",
       "Frame                                                                     315\n",
       "Gardens                                                                     0\n",
       "Pets_Allowed                                                                0\n",
       "Stone                                                                      20\n",
       "Garage                                                                      0\n",
       "Concrete_Block                                                             14\n",
       "Central_Air_Conditioning                                                    0\n",
       "Private_Storage                                                             0\n",
       "Terrace                                                                     0\n",
       "Aluminum_Siding                                                            22\n",
       "Cedar_Siding                                                                1\n",
       "Storage_Room                                                                1\n",
       "Washer_Dryer_Included                                                       1\n",
       "Concrete_Siding                                                             0\n",
       "Wood                                                                        1\n",
       "Wooded                                                                      0\n",
       "on_market_date              0000000000000000000000000000000000000000000000...\n",
       "Exercise_Room                                                               0\n",
       "Half_Bath_(F)                                                             633\n",
       "Vinyl_(F)                                                                 144\n",
       "Interior_Sq_Ft                                                    2.53095e+06\n",
       "Exterior_Acres                                                         101.13\n",
       "clean_address               147-12 3RD AVENUE138-34 10 AVENUE2-43 150 STRE...\n",
       "zipcode_median                                                    1.10184e+09\n",
       "Neighborhood_median                                               1.11648e+09\n",
       "borough                     QNQNQNQNQNQNQNQNQNQNQNQNQNQNQNQNQNQNQNQNQNQNQN...\n",
       "block                                                                 8298513\n",
       "lot                                                                    192765\n",
       "community board                                                        522640\n",
       "census tract 2010                                                      787888\n",
       "cb2010                                                             2.4791e+06\n",
       "schooldist                                                              33817\n",
       "council district                                                        33373\n",
       "postcode                                                          1.44219e+07\n",
       "policeprct                                                             136661\n",
       "healtharea                                                        2.57295e+06\n",
       "sanitboro                                                                5055\n",
       "address                     145-75 226 STREETGRAND AVENUEPARSONS BOULEVARD...\n",
       "zonedist4                                                                   0\n",
       "spdist2                                                                     0\n",
       "spdist3                                                                     0\n",
       "ltdheight                                                                   0\n",
       "splitzone                                                                  80\n",
       "bldgclass                   U2U7U7U2R3U0U4U6R2U6U6U4U2U7U7C2U1U7U6U7A1M1C0...\n",
       "landuse                                                                  4877\n",
       "easements                                                                  23\n",
       "ownername                   CONS EDISON COMTA - LIRRMTA - LIRRMARKETSPAN G...\n",
       "lotarea                                                           3.66398e+07\n",
       "bldgarea                                                          9.55987e+06\n",
       "comarea                                                            6.2546e+06\n",
       "resarea                                                           2.87271e+06\n",
       "officearea                                                        1.13063e+06\n",
       "retailarea                                                             162651\n",
       "garagearea                                                             175272\n",
       "strgearea                                                               29419\n",
       "factryarea                                                             106244\n",
       "otherarea                                                         4.63207e+06\n",
       "areasource                                                               4078\n",
       "numbldgs                                                                 1737\n",
       "numfloors                                                              2126.3\n",
       "unitsres                                                                 3464\n",
       "unitstotal                                                               4129\n",
       "lotfront                                                                76454\n",
       "lotdepth                                                               161812\n",
       "bldgfront                                                             30936.2\n",
       "bldgdepth                                                             47764.2\n",
       "proxcode                                                                 1508\n",
       "irrlotcode                                                                356\n",
       "lottype                                                                  6041\n",
       "bsmtcode                                                                 2939\n",
       "assessland                                                        2.63679e+08\n",
       "assesstot                                                         8.90807e+08\n",
       "exempttot                                                         7.56666e+08\n",
       "yearbuilt                                                          1.8899e+06\n",
       "yearalter1                                                             110147\n",
       "yearalter2                                                              18024\n",
       "builtfar                                                               915.33\n",
       "residfar                                                              1269.94\n",
       "commfar                                                                   235\n",
       "facilfar                                                               2376.8\n",
       "borocode                                                                 5132\n",
       "bbl                                                             5214985322765\n",
       "condono                                                                  6188\n",
       "tract2010                                                         1.08721e+07\n",
       "xcoord                                                            1.31936e+09\n",
       "ycoord                                                            2.57229e+08\n",
       "latitude                                                              52199.5\n",
       "longitude                                                            -94660.4\n",
       "zmcode                                                                     21\n",
       "sanborn                     417 010403 029411 027421 036408 040402 069424 ...\n",
       "taxmap                                                            5.49405e+07\n",
       "edesignum                                                                   0\n",
       "appbbl                                                            3.54376e+11\n",
       "plutomapid                                                               1287\n",
       "version                     20v520v520v520v520v520v520v520v520v520v520v520...\n",
       "sanitdistrict                                                            9428\n",
       "healthcenterdistrict                                                    55441\n",
       "firm07_flag                                                               155\n",
       "pfirm15_flag                                                              185\n",
       "rpaddate                                                                    0\n",
       "dcasdate                                                                    0\n",
       "zoningdate                                                                  0\n",
       "landmkdate                                                                  0\n",
       "basempdate                                                                  0\n",
       "masdate                                                                     0\n",
       "polidate                                                                    0\n",
       "edesigdate                                                                  0\n",
       "geom                                                                        0\n",
       "notes                                                                       0\n",
       "clean_address.1             145-75 226 STREETGRAND AVENUE PARSONS BOULEVAR...\n",
       "Neighborhood_Station        Flushing - MainFlushing - MainFlushing - MainF...\n",
       "Fare Zone                                                                3371\n",
       "station_lat                                                           52230.1\n",
       "station_lon                                                          -94692.5\n",
       "In zipcode                                                           14659480\n",
       "Miles to Penn Station                                                 12744.8\n",
       "dtype: object"
      ]
     },
     "execution_count": 12,
     "metadata": {},
     "output_type": "execute_result"
    }
   ],
   "source": [
    "#Checking for relevant number of entries for binary \"dummy\" columns:\n",
    "\n",
    "df1.sum(axis=0)"
   ]
  },
  {
   "cell_type": "code",
   "execution_count": 19,
   "metadata": {},
   "outputs": [],
   "source": [
    "#Creating X and y features using relevant data to begin analysis\n",
    "\n",
    "df_y=df1['Price'].reset_index().copy()\n",
    "df_X=df1[['beds', 'Year_Built', 'Bathroom', 'Patio', 'Air_Conditioning', 'Garage_-_Attached', 'Brick', 'Vinyl_(F)', 'Interior_Sq_Ft', 'Exterior_Acres', 'zipcode_median', 'Neighborhood_median', 'Miles to Penn Station', 'Fare Zone']].copy()\n",
    "df2=df1[['Price', 'beds','Year_Built', 'Bathroom', 'Patio', 'Air_Conditioning', 'Garage_-_Attached', 'Brick', 'Vinyl_(F)', 'Interior_Sq_Ft', 'Exterior_Acres', 'zipcode_median', 'Neighborhood_median', 'Miles to Penn Station', 'Fare Zone']].copy()\n",
    "                          \n",
    "                          "
   ]
  },
  {
   "cell_type": "code",
   "execution_count": 24,
   "metadata": {},
   "outputs": [
    {
     "data": {
      "text/html": [
       "<div>\n",
       "<style scoped>\n",
       "    .dataframe tbody tr th:only-of-type {\n",
       "        vertical-align: middle;\n",
       "    }\n",
       "\n",
       "    .dataframe tbody tr th {\n",
       "        vertical-align: top;\n",
       "    }\n",
       "\n",
       "    .dataframe thead th {\n",
       "        text-align: right;\n",
       "    }\n",
       "</style>\n",
       "<table border=\"1\" class=\"dataframe\">\n",
       "  <thead>\n",
       "    <tr style=\"text-align: right;\">\n",
       "      <th></th>\n",
       "      <th>Price</th>\n",
       "      <th>beds</th>\n",
       "      <th>Year_Built</th>\n",
       "      <th>Bathroom</th>\n",
       "      <th>Patio</th>\n",
       "      <th>Air_Conditioning</th>\n",
       "      <th>Garage_-_Attached</th>\n",
       "      <th>Brick</th>\n",
       "      <th>Vinyl_(F)</th>\n",
       "      <th>Interior_Sq_Ft</th>\n",
       "      <th>Exterior_Acres</th>\n",
       "      <th>zipcode_median</th>\n",
       "      <th>Neighborhood_median</th>\n",
       "      <th>Miles to Penn Station</th>\n",
       "      <th>Fare Zone</th>\n",
       "    </tr>\n",
       "  </thead>\n",
       "  <tbody>\n",
       "    <tr>\n",
       "      <th>Price</th>\n",
       "      <td>1.000000</td>\n",
       "      <td>0.402460</td>\n",
       "      <td>0.297136</td>\n",
       "      <td>0.591069</td>\n",
       "      <td>0.126524</td>\n",
       "      <td>0.128515</td>\n",
       "      <td>0.196999</td>\n",
       "      <td>0.227525</td>\n",
       "      <td>-0.092264</td>\n",
       "      <td>0.630408</td>\n",
       "      <td>0.387505</td>\n",
       "      <td>0.556748</td>\n",
       "      <td>0.618925</td>\n",
       "      <td>-0.249140</td>\n",
       "      <td>-0.268254</td>\n",
       "    </tr>\n",
       "    <tr>\n",
       "      <th>beds</th>\n",
       "      <td>0.402460</td>\n",
       "      <td>1.000000</td>\n",
       "      <td>0.236975</td>\n",
       "      <td>0.626246</td>\n",
       "      <td>-0.066010</td>\n",
       "      <td>-0.094894</td>\n",
       "      <td>-0.007516</td>\n",
       "      <td>0.008049</td>\n",
       "      <td>-0.016635</td>\n",
       "      <td>0.554850</td>\n",
       "      <td>0.160270</td>\n",
       "      <td>0.152211</td>\n",
       "      <td>0.104993</td>\n",
       "      <td>-0.051031</td>\n",
       "      <td>-0.090366</td>\n",
       "    </tr>\n",
       "    <tr>\n",
       "      <th>Year_Built</th>\n",
       "      <td>0.297136</td>\n",
       "      <td>0.236975</td>\n",
       "      <td>1.000000</td>\n",
       "      <td>0.400404</td>\n",
       "      <td>-0.009970</td>\n",
       "      <td>0.101310</td>\n",
       "      <td>0.217963</td>\n",
       "      <td>0.299488</td>\n",
       "      <td>-0.063479</td>\n",
       "      <td>0.313898</td>\n",
       "      <td>0.114400</td>\n",
       "      <td>0.082822</td>\n",
       "      <td>0.111912</td>\n",
       "      <td>0.092571</td>\n",
       "      <td>0.100290</td>\n",
       "    </tr>\n",
       "    <tr>\n",
       "      <th>Bathroom</th>\n",
       "      <td>0.591069</td>\n",
       "      <td>0.626246</td>\n",
       "      <td>0.400404</td>\n",
       "      <td>1.000000</td>\n",
       "      <td>0.060903</td>\n",
       "      <td>0.025091</td>\n",
       "      <td>0.091501</td>\n",
       "      <td>0.128270</td>\n",
       "      <td>0.004886</td>\n",
       "      <td>0.622816</td>\n",
       "      <td>0.269965</td>\n",
       "      <td>0.257807</td>\n",
       "      <td>0.246646</td>\n",
       "      <td>-0.065541</td>\n",
       "      <td>-0.071575</td>\n",
       "    </tr>\n",
       "    <tr>\n",
       "      <th>Patio</th>\n",
       "      <td>0.126524</td>\n",
       "      <td>-0.066010</td>\n",
       "      <td>-0.009970</td>\n",
       "      <td>0.060903</td>\n",
       "      <td>1.000000</td>\n",
       "      <td>0.201860</td>\n",
       "      <td>0.142653</td>\n",
       "      <td>0.093619</td>\n",
       "      <td>0.049659</td>\n",
       "      <td>0.101483</td>\n",
       "      <td>0.077829</td>\n",
       "      <td>0.172313</td>\n",
       "      <td>0.194744</td>\n",
       "      <td>-0.073710</td>\n",
       "      <td>-0.059138</td>\n",
       "    </tr>\n",
       "    <tr>\n",
       "      <th>Air_Conditioning</th>\n",
       "      <td>0.128515</td>\n",
       "      <td>-0.094894</td>\n",
       "      <td>0.101310</td>\n",
       "      <td>0.025091</td>\n",
       "      <td>0.201860</td>\n",
       "      <td>1.000000</td>\n",
       "      <td>0.073355</td>\n",
       "      <td>0.075221</td>\n",
       "      <td>0.005712</td>\n",
       "      <td>0.007202</td>\n",
       "      <td>0.136201</td>\n",
       "      <td>0.121765</td>\n",
       "      <td>0.133891</td>\n",
       "      <td>0.008126</td>\n",
       "      <td>0.031517</td>\n",
       "    </tr>\n",
       "    <tr>\n",
       "      <th>Garage_-_Attached</th>\n",
       "      <td>0.196999</td>\n",
       "      <td>-0.007516</td>\n",
       "      <td>0.217963</td>\n",
       "      <td>0.091501</td>\n",
       "      <td>0.142653</td>\n",
       "      <td>0.073355</td>\n",
       "      <td>1.000000</td>\n",
       "      <td>0.274418</td>\n",
       "      <td>-0.070722</td>\n",
       "      <td>0.168468</td>\n",
       "      <td>0.075931</td>\n",
       "      <td>0.225543</td>\n",
       "      <td>0.231100</td>\n",
       "      <td>-0.095941</td>\n",
       "      <td>-0.073236</td>\n",
       "    </tr>\n",
       "    <tr>\n",
       "      <th>Brick</th>\n",
       "      <td>0.227525</td>\n",
       "      <td>0.008049</td>\n",
       "      <td>0.299488</td>\n",
       "      <td>0.128270</td>\n",
       "      <td>0.093619</td>\n",
       "      <td>0.075221</td>\n",
       "      <td>0.274418</td>\n",
       "      <td>1.000000</td>\n",
       "      <td>-0.166531</td>\n",
       "      <td>0.161672</td>\n",
       "      <td>-0.009394</td>\n",
       "      <td>0.265760</td>\n",
       "      <td>0.219496</td>\n",
       "      <td>-0.167592</td>\n",
       "      <td>-0.173308</td>\n",
       "    </tr>\n",
       "    <tr>\n",
       "      <th>Vinyl_(F)</th>\n",
       "      <td>-0.092264</td>\n",
       "      <td>-0.016635</td>\n",
       "      <td>-0.063479</td>\n",
       "      <td>0.004886</td>\n",
       "      <td>0.049659</td>\n",
       "      <td>0.005712</td>\n",
       "      <td>-0.070722</td>\n",
       "      <td>-0.166531</td>\n",
       "      <td>1.000000</td>\n",
       "      <td>-0.060641</td>\n",
       "      <td>-0.005745</td>\n",
       "      <td>-0.138780</td>\n",
       "      <td>-0.120457</td>\n",
       "      <td>0.112470</td>\n",
       "      <td>0.118640</td>\n",
       "    </tr>\n",
       "    <tr>\n",
       "      <th>Interior_Sq_Ft</th>\n",
       "      <td>0.630408</td>\n",
       "      <td>0.554850</td>\n",
       "      <td>0.313898</td>\n",
       "      <td>0.622816</td>\n",
       "      <td>0.101483</td>\n",
       "      <td>0.007202</td>\n",
       "      <td>0.168468</td>\n",
       "      <td>0.161672</td>\n",
       "      <td>-0.060641</td>\n",
       "      <td>1.000000</td>\n",
       "      <td>0.378286</td>\n",
       "      <td>0.263152</td>\n",
       "      <td>0.275558</td>\n",
       "      <td>-0.085720</td>\n",
       "      <td>-0.088126</td>\n",
       "    </tr>\n",
       "    <tr>\n",
       "      <th>Exterior_Acres</th>\n",
       "      <td>0.387505</td>\n",
       "      <td>0.160270</td>\n",
       "      <td>0.114400</td>\n",
       "      <td>0.269965</td>\n",
       "      <td>0.077829</td>\n",
       "      <td>0.136201</td>\n",
       "      <td>0.075931</td>\n",
       "      <td>-0.009394</td>\n",
       "      <td>-0.005745</td>\n",
       "      <td>0.378286</td>\n",
       "      <td>1.000000</td>\n",
       "      <td>0.092835</td>\n",
       "      <td>0.137344</td>\n",
       "      <td>0.086768</td>\n",
       "      <td>0.147151</td>\n",
       "    </tr>\n",
       "    <tr>\n",
       "      <th>zipcode_median</th>\n",
       "      <td>0.556748</td>\n",
       "      <td>0.152211</td>\n",
       "      <td>0.082822</td>\n",
       "      <td>0.257807</td>\n",
       "      <td>0.172313</td>\n",
       "      <td>0.121765</td>\n",
       "      <td>0.225543</td>\n",
       "      <td>0.265760</td>\n",
       "      <td>-0.138780</td>\n",
       "      <td>0.263152</td>\n",
       "      <td>0.092835</td>\n",
       "      <td>1.000000</td>\n",
       "      <td>0.734825</td>\n",
       "      <td>-0.474723</td>\n",
       "      <td>-0.483644</td>\n",
       "    </tr>\n",
       "    <tr>\n",
       "      <th>Neighborhood_median</th>\n",
       "      <td>0.618925</td>\n",
       "      <td>0.104993</td>\n",
       "      <td>0.111912</td>\n",
       "      <td>0.246646</td>\n",
       "      <td>0.194744</td>\n",
       "      <td>0.133891</td>\n",
       "      <td>0.231100</td>\n",
       "      <td>0.219496</td>\n",
       "      <td>-0.120457</td>\n",
       "      <td>0.275558</td>\n",
       "      <td>0.137344</td>\n",
       "      <td>0.734825</td>\n",
       "      <td>1.000000</td>\n",
       "      <td>-0.359184</td>\n",
       "      <td>-0.342112</td>\n",
       "    </tr>\n",
       "    <tr>\n",
       "      <th>Miles to Penn Station</th>\n",
       "      <td>-0.249140</td>\n",
       "      <td>-0.051031</td>\n",
       "      <td>0.092571</td>\n",
       "      <td>-0.065541</td>\n",
       "      <td>-0.073710</td>\n",
       "      <td>0.008126</td>\n",
       "      <td>-0.095941</td>\n",
       "      <td>-0.167592</td>\n",
       "      <td>0.112470</td>\n",
       "      <td>-0.085720</td>\n",
       "      <td>0.086768</td>\n",
       "      <td>-0.474723</td>\n",
       "      <td>-0.359184</td>\n",
       "      <td>1.000000</td>\n",
       "      <td>0.806790</td>\n",
       "    </tr>\n",
       "    <tr>\n",
       "      <th>Fare Zone</th>\n",
       "      <td>-0.268254</td>\n",
       "      <td>-0.090366</td>\n",
       "      <td>0.100290</td>\n",
       "      <td>-0.071575</td>\n",
       "      <td>-0.059138</td>\n",
       "      <td>0.031517</td>\n",
       "      <td>-0.073236</td>\n",
       "      <td>-0.173308</td>\n",
       "      <td>0.118640</td>\n",
       "      <td>-0.088126</td>\n",
       "      <td>0.147151</td>\n",
       "      <td>-0.483644</td>\n",
       "      <td>-0.342112</td>\n",
       "      <td>0.806790</td>\n",
       "      <td>1.000000</td>\n",
       "    </tr>\n",
       "  </tbody>\n",
       "</table>\n",
       "</div>"
      ],
      "text/plain": [
       "                          Price      beds  Year_Built  Bathroom     Patio  Air_Conditioning  Garage_-_Attached     Brick  Vinyl_(F)  Interior_Sq_Ft  Exterior_Acres  zipcode_median  Neighborhood_median  Miles to Penn Station  Fare Zone\n",
       "Price                  1.000000  0.402460    0.297136  0.591069  0.126524          0.128515           0.196999  0.227525  -0.092264        0.630408        0.387505        0.556748             0.618925              -0.249140  -0.268254\n",
       "beds                   0.402460  1.000000    0.236975  0.626246 -0.066010         -0.094894          -0.007516  0.008049  -0.016635        0.554850        0.160270        0.152211             0.104993              -0.051031  -0.090366\n",
       "Year_Built             0.297136  0.236975    1.000000  0.400404 -0.009970          0.101310           0.217963  0.299488  -0.063479        0.313898        0.114400        0.082822             0.111912               0.092571   0.100290\n",
       "Bathroom               0.591069  0.626246    0.400404  1.000000  0.060903          0.025091           0.091501  0.128270   0.004886        0.622816        0.269965        0.257807             0.246646              -0.065541  -0.071575\n",
       "Patio                  0.126524 -0.066010   -0.009970  0.060903  1.000000          0.201860           0.142653  0.093619   0.049659        0.101483        0.077829        0.172313             0.194744              -0.073710  -0.059138\n",
       "Air_Conditioning       0.128515 -0.094894    0.101310  0.025091  0.201860          1.000000           0.073355  0.075221   0.005712        0.007202        0.136201        0.121765             0.133891               0.008126   0.031517\n",
       "Garage_-_Attached      0.196999 -0.007516    0.217963  0.091501  0.142653          0.073355           1.000000  0.274418  -0.070722        0.168468        0.075931        0.225543             0.231100              -0.095941  -0.073236\n",
       "Brick                  0.227525  0.008049    0.299488  0.128270  0.093619          0.075221           0.274418  1.000000  -0.166531        0.161672       -0.009394        0.265760             0.219496              -0.167592  -0.173308\n",
       "Vinyl_(F)             -0.092264 -0.016635   -0.063479  0.004886  0.049659          0.005712          -0.070722 -0.166531   1.000000       -0.060641       -0.005745       -0.138780            -0.120457               0.112470   0.118640\n",
       "Interior_Sq_Ft         0.630408  0.554850    0.313898  0.622816  0.101483          0.007202           0.168468  0.161672  -0.060641        1.000000        0.378286        0.263152             0.275558              -0.085720  -0.088126\n",
       "Exterior_Acres         0.387505  0.160270    0.114400  0.269965  0.077829          0.136201           0.075931 -0.009394  -0.005745        0.378286        1.000000        0.092835             0.137344               0.086768   0.147151\n",
       "zipcode_median         0.556748  0.152211    0.082822  0.257807  0.172313          0.121765           0.225543  0.265760  -0.138780        0.263152        0.092835        1.000000             0.734825              -0.474723  -0.483644\n",
       "Neighborhood_median    0.618925  0.104993    0.111912  0.246646  0.194744          0.133891           0.231100  0.219496  -0.120457        0.275558        0.137344        0.734825             1.000000              -0.359184  -0.342112\n",
       "Miles to Penn Station -0.249140 -0.051031    0.092571 -0.065541 -0.073710          0.008126          -0.095941 -0.167592   0.112470       -0.085720        0.086768       -0.474723            -0.359184               1.000000   0.806790\n",
       "Fare Zone             -0.268254 -0.090366    0.100290 -0.071575 -0.059138          0.031517          -0.073236 -0.173308   0.118640       -0.088126        0.147151       -0.483644            -0.342112               0.806790   1.000000"
      ]
     },
     "execution_count": 24,
     "metadata": {},
     "output_type": "execute_result"
    }
   ],
   "source": [
    "df2.corr()"
   ]
  },
  {
   "cell_type": "code",
   "execution_count": 35,
   "metadata": {
    "scrolled": true
   },
   "outputs": [
    {
     "data": {
      "text/plain": [
       "<seaborn.axisgrid.PairGrid at 0x7fb4340f7d30>"
      ]
     },
     "execution_count": 35,
     "metadata": {},
     "output_type": "execute_result"
    },
    {
     "data": {
